201
1193
1837
177
1196
1192
1194
1195
30
29
18
1965
3216
955
33
1199
4440
32
4228
1897
3246
4231
954
956
28
1883
4232
20
16
953
3245
3248
1878
965
19
262
31
3247
4360
952
1879
3244
964
4230
4235
246
968
4364
966
1418
17
4362
1880
1839
4363
4229
4367
4361
245
260
258
3251
259
967
1922
1890
959
971
4446
1161
198
4445
4448
1895
256
247
1876
248
1889
197
225
4447
1892
4444
1888
1877
1891
257
4463
4177
960
293
1957
4442
240
261
3760
4458
1434
294
1907
3756
1899
4456
1932
4460
295
1419
1433
4451
200
4459
296
218
4457
4358
4343
1884
4357
1902
1843
1987
288
220
3219
1986
1988
1903
1844
249
244
976
1432
982
199
1436
1847
1842
1985
1904
223
1165
1841
224
297
1896
4359
192
1840
1984
1900
1422
4185
221
139
143
138
1959
140
1935
137
3900
136
1943
222
178
980
175
4225
4227
4509
1439
977
3180
1838
1166
4200
4201
228
1901
4203
4233
196
4179
292
4466
1435
1420
979
4507
1424
1929
3815
21
3187
1159
978
3188
3186
1157
